2.014041147423824769e-11 1.930243145332631640e-11 1.756575733800705944e-11 2.058726224429491083e-11 2.171660667836778548e-11 2.606156569780573291e-11 2.130350506287551127e-11 3.031026621065944527e-11 2.688789526406592707e-11 6.467719043118828602e-11 3.852780896504981958e-11 3.415748532989290562e-11 4.234525494584003475e-11 6.094421983990454790e-11
2.123890978148537781e-11 2.843219018873069162e-11 2.408506269422092922e-11 1.983460901430782289e-11 2.251150800732571802e-11 2.989077116783588862e-11 2.742314853865040739e-11 2.681642008095008119e-11 3.010517714058953729e-11 4.407017895949142995e-11 2.730228766090364223e-11 5.080554649249660078e-11 1.123046582149210425e-10 6.684104761236873724e-11
2.727972894313187931e-11 2.391764737050070259e-11 2.295861078116279697e-11 2.773185555405392574e-11 2.092399978426604811e-11 2.825047981788849331e-11 2.877026059021003934e-11 2.976583950299976083e-11 3.955347904015375116e-11 4.295159900982031075e-11 3.323860618792790935e-11 4.465732980065997441e-11 2.441915529002714707e-11 7.923379535466716228e-11
2.760571603305251941e-11 2.904143575808509662e-11 2.389334704463121582e-11 2.885651521621502037e-11 2.078867709120954090e-11 2.686115373658099168e-11 2.941906361670954205e-11 3.578675666679558584e-11 3.955947722808033800e-11 3.949789646173439540e-11 3.795444548999383476e-11 4.591101189130024964e-11 3.649335750360576196e-11 7.444679630345928314e-11
2.007323994015354185e-11 1.520204632804581890e-11 2.621525477556337071e-11 2.908035387566043869e-11 3.088671882071290829e-11 3.196691764186585798e-11 3.858442572512642188e-11 3.542517697738531685e-11 3.249743449799492042e-11 3.617629648370298698e-11 3.654461414476319072e-11 4.441296819077956564e-11 4.545314269268724868e-11 6.782249127948937662e-11
1.914002545957141812e-11 2.561248240451212575e-11 2.665349011837947966e-11 2.780081469393725608e-11 2.678159581301605580e-11 3.092360746925134425e-11 2.973149781558631450e-11 3.762104148977321577e-11 3.148489548449260867e-11 3.457593106466900800e-11 3.820008500366755586e-11 4.018499458836284654e-11 4.567220499336582616e-11 6.710439909492232858e-11
2.283636976187851253e-11 2.471327621399115797e-11 2.084376700298295469e-11 2.635503087154599581e-11 2.693069010542914046e-11 3.106065203705498581e-11 2.873291158731726730e-11 3.156441208376856078e-11 3.947303830170601460e-11 5.254133298982979574e-11 4.662701642634598818e-11 5.945458371695596684e-11 5.695028359162081873e-11 8.623656276684048508e-11
2.347637501197458373e-11 2.318135538186287101e-11 2.092835477007428497e-11 2.663003678356774821e-11 2.746455337186180324e-11 2.911043195821425477e-11 2.957020706480217995e-11 2.628550563744759465e-11 3.451761571139088211e-11 4.946996671211359640e-11 4.739275257819168352e-11 6.087122417576989713e-11 6.506262068626957418e-11 7.145656758490501421e-11
2.430073920673073921e-11 2.555730572020776611e-11 2.237029631461579270e-11 2.154774957390098383e-11 2.712885214707062942e-11 2.906358246381817758e-11 2.840832900561184552e-11 2.745340300807044525e-11 3.462124220346473532e-11 3.236905083931135971e-11 4.233215747072139191e-11 4.315497113912258433e-11 6.712809229867936000e-11 5.012873234409934501e-11
3.493260322913770793e-11 2.672600640872132656e-11 2.410712686591446576e-11 2.139023411985552970e-11 2.879656675497669065e-11 2.769102926998889197e-11 3.496329495741351433e-11 3.233200382453689089e-11 3.296935976981819799e-11 3.630442689557480310e-11 3.664480017491813984e-11 3.927450711971288810e-11 4.331920415430813092e-11 7.011727280112112879e-11
2.916354131689473577e-11 1.896839659254000893e-11 2.387825343894266067e-11 2.516246601050622657e-11 2.914539278959748695e-11 3.046200636504975686e-11 3.384579610206754239e-11 3.545405618547375839e-11 3.274232263093193237e-11 3.592126565999205987e-11 3.930976734742629307e-11 3.065496969590079825e-11 4.447996215139505652e-11 6.314561356521300741e-11
2.787948767925038423e-11 1.892807064252872267e-11 2.221949404771355867e-11 2.811923526878420071e-11 2.297717976570101884e-11 3.203952735392230324e-11 3.352732195083439873e-11 2.952977774910671898e-11 3.219712284414747832e-11 3.866610589069192233e-11 3.495497839424530210e-11 3.120143710419126471e-11 4.336742276558271412e-11 6.455385086260375515e-11
2.815669196819110841e-11 2.671347316046918302e-11 2.232359134462993435e-11 2.453292617258204602e-11 2.343572332482279688e-11 3.452544198865344873e-11 3.141993431713700191e-11 3.859480209458415358e-11 4.372089141012336220e-11 2.527777955993333561e-11 3.469897448393174487e-11 3.078810671042119645e-11 5.035723983179571515e-11 4.848461245732789807e-11
2.275307722466206505e-11 2.128127176092232753e-11 2.238615153198772491e-11 2.443132485539988403e-11 2.541017067190626549e-11 3.288009870039840629e-11 3.305377606524930591e-11 3.549474212465746472e-11 3.741346457244473308e-11 4.065447549132129703e-11 3.891447534866322902e-11 3.873351777686585194e-11 5.285860450845349297e-11 4.981343183423750714e-11
2.393539069916480149e-11 2.248277567450429261e-11 2.316382256900962709e-11 2.202499481484915517e-11 2.680903016004500651e-11 3.219582429179038680e-11 3.321218633149923761e-11 3.577012106335230427e-11 4.074173696046567883e-11 4.155868540546718591e-11 4.191356491017722977e-11 4.223591236223896602e-11 6.043727526439333931e-11 5.455524036010448686e-11
2.297232364736654257e-11 2.458897414874822689e-11 2.391836844161443706e-11 2.523505570797411527e-11 2.695247557977339734e-11 3.218588466617939594e-11 3.294285816647347819e-11 3.566033840615340726e-11 3.745061330174292043e-11 3.772344973110648661e-11 4.087316148259948311e-11 5.015186685395710870e-11 5.006097351540984096e-11 5.681940920598105752e-11
3.140363702417351527e-11 2.442149858992036853e-11 2.343464372811662402e-11 2.501139202746587799e-11 3.009305378631169392e-11 2.945568319281239197e-11 2.900183979713852925e-11 4.816183129458853810e-11 3.567045494392634615e-11 3.782001627781099449e-11 3.789564781221921655e-11 7.566020007311379586e-11 3.885449546428131436e-11 3.624880414263435122e-11
2.799610828584290012e-11 2.108425165285433220e-11 2.337144214300773853e-11 2.661180173588458326e-11 2.701478737531213541e-11 2.699572164356210272e-11 3.187277768216640575e-11 2.686924580252649155e-11 3.540462405996706166e-11 3.106564038984208589e-11 3.467055845825753641e-11 5.655190320716693316e-11 4.351161480557141864e-11 3.921374994253620168e-11
2.745737252004305475e-11 2.397964975627463727e-11 2.590428135018952486e-11 2.688554628170185827e-11 2.637334040569282602e-11 2.964647592407710189e-11 3.043352411191932417e-11 2.972775133833984842e-11 3.573394981935713251e-11 3.533944448888214013e-11 4.247425698165784980e-11 5.059046850063383901e-11 4.405460466854507225e-11 4.669072255035119739e-11
3.016727329978908555e-11 2.426456640131238810e-11 1.692294984302275397e-11 2.273719574305819898e-11 2.451024019533508352e-11 3.001126171460968626e-11 2.551043715914629726e-11 3.325797197184558534e-11 3.934590662785922409e-11 3.815572190665385013e-11 4.451054208267295995e-11 5.180167650492134968e-11 4.095503609576461606e-11 4.184911205929575148e-11
2.258642356340489625e-11 2.761473851565470719e-11 2.041567279481886900e-11 2.751658787892476639e-11 3.620995301296685312e-11 3.264140566468901381e-11 4.298826114637471082e-11 3.829701762800240649e-11 4.071790744260558841e-11 5.900703483629815141e-11 4.646376650566780282e-11 6.363378644599235919e-11 5.399778865708926329e-11 8.402686745271610483e-11
2.222089248787297007e-11 2.616806920457152547e-11 2.381915631517424619e-11 2.948093866800865435e-11 3.380926640388186868e-11 3.533012874515361414e-11 4.802438851316911223e-11 3.864942615869670901e-11 4.776061158089951038e-11 5.015122044681414729e-11 5.543775858000370018e-11 5.817489278206903614e-11 5.624535544532865133e-11 8.439548547778058025e-11
2.232079976421140703e-11 3.212989870755304383e-11 2.539614950718541536e-11 2.845257040967086907e-11 2.758810957594001021e-11 3.453983045408631919e-11 4.459219480991904422e-11 3.584879519409663829e-11 4.497940307879390400e-11 5.826202925430822912e-11 5.206075339137531191e-11 5.745943228065751206e-11 5.670153029198933414e-11 7.781984960336239834e-11
2.884515682479964865e-11 2.317194873100360146e-11 2.864904620105808478e-11 2.183555016530923974e-11 2.294650530145621698e-11 2.813150069327036008e-11 3.056706255808620411e-11 3.696748803260452593e-11 2.398457069439750193e-11 4.751654404349505946e-11 2.259000747957576438e-11 4.143137243840262569e-11 4.998730145322567935e-11 5.169921242690709073e-11
2.934488158641279525e-11 2.206128776686952253e-11 2.366486514921148800e-11 2.169784219454209594e-11 2.089859949636151314e-11 2.925236549740375906e-11 2.947358495764969455e-11 3.660632517728842670e-11 2.073045972258677038e-11 3.430862277758983107e-11 3.006587737379262167e-11 3.763521014828484870e-11 5.049070146277858433e-11 4.190517594913651659e-11
3.104656465560677034e-11 2.332726593730986872e-11 2.310555251906172741e-11 2.560893465904363659e-11 2.613158179698141745e-11 2.914771585865706120e-11 3.144908447881457013e-11 2.946896606767056701e-11 5.704565907706678363e-11 4.612290899716166911e-11 3.262353185275319422e-11 4.965151675438964980e-11 4.980998803404584277e-11 6.990527203493369056e-11
3.068200271531134605e-11 2.311833807612633032e-11 1.972669739465284851e-11 2.001425885664191309e-11 3.208066500592177631e-11 3.625038250492071198e-11 3.046018540107655724e-11 4.067748931760616793e-11 4.051318043126378065e-11 4.431518580988217967e-11 4.631888708424743282e-11 6.240893300572568486e-11 6.942253368877314602e-11 6.923772085540643232e-11
2.467938009967589369e-11 1.919832093086003974e-11 2.431883965049116475e-11 2.167662598269593776e-11 2.140771417070643810e-11 2.788683102886093217e-11 3.311755218517942439e-11 3.181796002727866355e-11 3.111308163999404515e-11 3.661163466582231261e-11 3.183611569543901031e-11 3.711758868111796515e-11 5.573307356677401735e-11 5.387323161545392616e-11
2.472758039625908595e-11 1.944509805759540876e-11 2.439210838130611058e-11 2.511053250820868985e-11 2.510525180153808107e-11 2.858292391689807628e-11 3.382154064345367493e-11 3.166466030700432215e-11 4.409615825683766113e-11 3.114145014550224463e-11 4.238653874218832817e-11 3.945669604695104723e-11 6.100766822257056254e-11 5.248269521848115457e-11
1.991475444667707844e-11 2.391157760911061009e-11 2.185184745518768520e-11 2.388712815116500873e-11 2.541325357393394617e-11 2.400251469118789182e-11 3.088782748138544318e-11 3.987367284069571667e-11 4.130048259389117062e-11 4.152941934157698804e-11 3.988487609562344166e-11 5.167549321547417010e-11 4.472606482011001449e-11 3.577568756334403079e-11
2.404486671304363016e-11 2.161667549633299744e-11 2.275144963074782417e-11 2.362195210315896473e-11 2.393870180135646675e-11 2.474394274427864985e-11 3.142754558314579435e-11 3.547367134066470720e-11 4.021939961298500394e-11 3.689068168709440306e-11 4.450993112929916925e-11 4.744681641305214015e-11 4.474340469078312998e-11 3.419263964227907415e-11
2.587294390759491394e-11 2.018893057468779184e-11 1.941539343942251607e-11 2.630030381941890811e-11 2.709192959303966231e-11 3.021204804216291240e-11 3.117305171204972871e-11 3.396747157774309102e-11 3.387939581951518470e-11 3.534224744493102522e-11 3.777041942506816626e-11 4.405068605103934530e-11 4.389618243817607016e-11 6.342190499427572301e-11
2.568931328166652562e-11 2.009743525436655854e-11 1.905217909176413341e-11 2.294822444129552336e-11 2.809542581444493990e-11 2.630928381924891384e-11 3.082676786369379924e-11 3.316607811348610198e-11 4.159707532429419646e-11 3.780026905585303298e-11 4.895265019888322978e-11 4.641823420172387813e-11 4.397557190365963371e-11 6.479250228104331141e-11
2.402012250713510595e-11 2.077645053718553717e-11 2.823310390315639597e-11 2.278608960369608942e-11 2.795530531002195276e-11 2.690251140040733257e-11 2.570138038907201143e-11 3.461534811824826230e-11 3.491817976709302659e-11 4.538462424583377698e-11 3.545380995985092778e-11 5.395679709455254675e-11 6.429059184411264141e-11 5.138342202807390164e-11
2.195678518938700763e-11 2.136936114136787674e-11 2.583318718130230695e-11 1.869276110381920905e-11 3.130364543810061956e-11 2.303812937405655744e-11 2.997871040057809083e-11 3.313842493275343135e-11 3.056113502384525660e-11 4.707802334224269222e-11 4.106679706808830517e-11 5.058751943486765258e-11 3.667336669195400387e-11 6.406634385838487059e-11
2.622077087868633127e-11 2.312287434682541984e-11 2.469790828588640241e-11 1.968799601360295794e-11 2.782905441643912513e-11 2.662940321639759936e-11 3.052554632156284203e-11 2.978006582091409084e-11 2.483635905210731537e-11 3.713167654221845873e-11 4.006108067526081995e-11 2.600644807685515752e-11 4.509908514545664088e-11 4.853618554281859691e-11
2.480120053808600222e-11 2.606952305468811510e-11 2.978604145456614260e-11 2.868135835408994803e-11 2.510235004289037980e-11 2.176606653670484112e-11 3.889375816893777082e-11 3.181608917622473937e-11 2.885114513309393353e-11 3.884240465095156348e-11 3.520380499386160048e-11 4.066246874411454228e-11 4.311446101362556160e-11 5.709887045926133475e-11
2.714713900316376956e-11 2.258836196696534431e-11 2.217627128985640766e-11 2.465248443390617824e-11 2.144957276662826723e-11 2.815297767207252555e-11 3.265198004952793433e-11 4.297838480177957693e-11 3.543968889181782725e-11 3.212099228527992897e-11 3.647643799185142932e-11 3.555945220361344638e-11 4.649976800189687008e-11 8.000729353241760410e-11
2.787892487720482620e-11 2.777276993939789622e-11 1.629456449088926892e-11 3.890244713392143296e-11 2.357024768793309563e-11 2.919615014752697133e-11 3.096635298484075098e-11 3.080238150722874543e-11 3.546310702436603617e-11 2.603801516019185811e-11 3.695710693653687912e-11 3.868105905464738324e-11 4.603597298258899062e-11 6.714035641812148434e-11
2.606944848572654788e-11 2.310859275672360691e-11 2.413393452092954813e-11 2.500073327404519943e-11 3.138094964730875787e-11 2.976002138843820764e-11 3.116176154998210856e-11 3.306916354730233022e-11 3.668708356311477701e-11 3.479625079012600899e-11 5.295825860930117440e-11 3.730695996650007174e-11 3.931038800488108509e-11 1.088401460624839465e-10
2.244290997045282270e-11 2.268583635616679637e-11 2.561964151084465543e-11 2.334058175386050533e-11 2.745612633319650720e-11 2.784029844392434259e-11 3.165153424153314784e-11 3.427683235583831065e-11 3.043660232364994058e-11 4.420368652746967156e-11 3.731587747805433138e-11 4.271321313441835570e-11 3.883738677779377640e-11 9.284816388525356475e-11
2.079993403751873406e-11 2.143518758980810400e-11 2.372634628418076780e-11 2.786758447938212061e-11 2.527683798673152458e-11 2.903136225251496358e-11 3.118944720950800347e-11 2.917091044659549424e-11 2.754312446573749084e-11 4.345556371197118319e-11 3.493728142544398390e-11 4.105085275764458924e-11 3.324487204327181575e-11 1.018590726394978601e-10
2.239644597432219259e-11 2.462468518355502400e-11 1.376137290847876487e-11 2.763963035019233164e-11 2.903066861184251898e-11 3.108245717626538439e-11 2.695390083474297932e-11 3.351941773570538771e-11 4.084011424624920543e-11 7.554063734650165891e-11 4.990421019671948972e-11 4.508520175611280049e-11 2.969461449580722282e-11 4.435200836695037025e-11
1.990485558113798987e-11 2.585746981863282003e-11 1.715633739625317646e-11 2.668923429695212159e-11 2.833663927029996490e-11 3.046042955721518128e-11 2.666050928421914992e-11 3.215165578302584624e-11 4.416295279887596914e-11 6.124777917969432439e-11 5.560969534310342301e-11 4.582608538431566729e-11 2.800502294949476051e-11 4.425249652445663435e-11
2.194562855854430482e-11 2.168453760194670357e-11 2.259221376392383721e-11 2.447219930992737285e-11 2.540322593405194191e-11 3.546695117461935143e-11 2.827059677455284353e-11 3.663652656845787179e-11 3.596393249080606485e-11 3.438435977183604929e-11 3.806904787349595747e-11 2.833658097415728447e-11 6.230338817606501695e-11 5.663863591441350780e-11
2.621755157808162300e-11 1.875156366772706154e-11 2.427252459779665327e-11 2.321561508742147517e-11 2.495725966680013520e-11 3.651496488099743035e-11 3.038153723794088588e-11 3.177019539240325105e-11 3.750923303341911600e-11 3.797082162671920210e-11 3.142355547120204350e-11 3.542728775071147277e-11 5.832006237031278101e-11 3.774654914193533685e-11
2.451591386711790632e-11 2.278117032094677031e-11 2.080801990111829767e-11 2.136483727518914255e-11 2.341935707748151883e-11 2.823748206052519447e-11 3.047895572462672018e-11 3.398251923269693301e-11 3.402622035767278699e-11 3.365618026061951295e-11 2.754352761141921230e-11 4.379533257294644458e-11 5.171465977179167090e-11 6.709328695490614738e-11
2.389518537016802106e-11 2.437674733742296637e-11 1.910514215512696353e-11 2.274422202332064620e-11 2.178791905125128736e-11 2.674393068630704957e-11 2.614876474765790359e-11 3.402009665202961536e-11 3.634506708628569591e-11 3.810404154205622729e-11 4.239283911247126883e-11 4.554521107083041778e-11 5.220316750737927276e-11 5.139551218601199359e-11
2.510905623492501855e-11 2.476377693676506616e-11 2.358498117754068345e-11 2.470726444111473325e-11 3.032403837886255296e-11 4.331318978961327059e-11 2.197842179365441459e-11 2.698928140921418848e-11 3.192934020831095529e-11 4.892132486745618449e-11 2.707660412368659099e-11 7.682243859658829837e-11 2.612156281739805107e-11 6.470584004115501880e-11
2.069084646266255594e-11 2.679686689787724909e-11 1.986070716965319669e-11 1.906968714289668067e-11 2.492002218018133366e-11 2.697010290572029928e-11 3.259691545984374394e-11 2.808299382359183190e-11 3.772896099564159483e-11 3.615250062732062698e-11 4.811280530293854273e-11 4.023203556472688467e-11 4.441867261683405895e-11 4.361916799394012479e-11
2.798896153987655816e-11 2.659932202923031409e-11 2.510265886142413422e-11 2.422419920235449091e-11 2.298663359566167177e-11 2.735268075273774423e-11 3.762972838655645564e-11 3.758150430716055382e-11 3.398223954183965378e-11 5.561523958739376362e-11 4.098072554724750871e-11 4.768338681467927702e-11 5.058518188265620423e-11 5.772562959351217814e-11
2.814166877603978914e-11 2.557616979802790726e-11 2.626464325919713862e-11 2.347214965881926328e-11 2.461379242414603665e-11 2.932859042834523490e-11 3.379509206363000861e-11 3.623347267379929829e-11 3.541459134501964855e-11 4.653878207405772872e-11 4.264300867194118314e-11 4.860230844299609882e-11 4.962680970649898125e-11 5.260596577527243468e-11
2.106363016113476513e-11 2.971170190881880858e-11 2.808899365344377497e-11 2.586317610645984744e-11 3.014016537466675098e-11 2.997078884270306087e-11 3.961620579014260020e-11 3.992345224332966439e-11 3.489104893650315390e-11 3.273944665069675456e-11 5.060501198597759852e-11 5.376040691876340571e-11 4.174923570320866537e-11 6.255299713921060476e-11
2.781619952621959692e-11 2.879370313324606595e-11 2.373568100850972220e-11 2.243087371291207675e-11 2.160227372342063264e-11 2.620217994308420513e-11 3.009226701132575660e-11 3.804589856332699730e-11 3.854064167872363088e-11 3.351366552296628393e-11 4.689531371925071605e-11 5.554148283488152721e-11 4.187266522637432465e-11 8.494436147352628504e-11
2.429116228754005220e-11 2.383548813839065580e-11 2.366092812798775452e-11 2.346941762997873207e-11 2.869563475609307428e-11 2.757445521754951686e-11 3.165406526370572473e-11 3.302666370901514207e-11 3.670726954134240207e-11 3.931982253966494918e-11 4.530564460544665095e-11 5.706216221652052443e-11 4.237551079500553506e-11 1.013102666128299097e-10
2.991544960286507121e-11 2.549138520279752700e-11 2.219273755061374702e-11 2.716151939409395751e-11 2.922590072168481208e-11 3.202160398645516130e-11 3.265607516942790497e-11 2.888117103994897726e-11 3.643273566005707962e-11 4.404428237423215503e-11 4.796859912307873257e-11 4.848693018855814432e-11 4.407558553896123339e-11 5.012453524534403589e-11
2.516533111201814750e-11 2.095373369204322320e-11 2.350700924240122687e-11 2.567181846922371447e-11 3.016099165975189523e-11 2.640049705709354707e-11 3.087245789569805285e-11 3.063385284331097934e-11 4.071393702539430786e-11 4.188069881561746518e-11 3.757641983311745116e-11 5.321738238617814088e-11 5.545255209009685439e-11 3.173412033992859650e-11
